Base mesh (vertices: 252, faces: 500)
Target mesh (vertices: 1252, faces: 2500)
|index | pos | displacement
0 | (vec3(3.497048, -19.019375, 24.580666)) | -0.0315419
1 | (vec3(3.040397, -19.586258, 21.641447)) | 0.0016349
2 | (vec3(2.176569, -16.791016, 17.766731)) | -0.00651551
3 | (vec3(4.497960, -14.667124, 25.241432)) | -0.0293693
4 | (vec3(4.818194, -16.454628, 22.035370)) | -0.000559518
5 | (vec3(1.772052, -17.648312, 26.912748)) | 0.0189615
6 | (vec3(0.189183, -19.355955, 25.750641)) | 0.00146545
7 | (vec3(0.632022, -21.512651, 20.764681)) | -0.0205871
8 | (vec3(2.400040, -13.006672, 26.687227)) | 0.00189803
9 | (vec3(1.036412, -9.221660, 26.105671)) | 0.00429377
10 | (vec3(2.438963, -9.887967, 25.218580)) | 0.0142671
11 | (vec3(4.863678, -14.775103, 19.810905)) | 0.00283802
12 | (vec3(0.839896, -18.518402, 19.034904)) | 0.0505553
13 | (vec3(4.076272, -6.973508, 3.162813)) | 0.00520124
14 | (vec3(5.060393, -12.624861, 11.244036)) | 0.00461253
15 | (vec3(5.895592, -11.330139, 8.814821)) | 0.0215277
16 | (vec3(6.307611, -8.140285, 10.177942)) | 0.00976575
17 | (vec3(5.736938, -7.388816, 6.962572)) | -0.0141253
18 | (vec3(3.390270, -12.797184, 11.290778)) | -0.0109157
19 | (vec3(3.127483, -10.686119, 5.233301)) | -0.0100256
20 | (vec3(3.955300, -6.597221, 9.660318)) | 0.0618151
21 | (vec3(6.042873, -12.032728, 12.296960)) | 0.0183189
22 | (vec3(6.148654, -12.562396, 15.575722)) | -0.00898214
23 | (vec3(4.844775, 4.267051, 22.624538)) | -0.0547106
24 | (vec3(6.540384, -2.193122, 14.600017)) | -0.00330792
25 | (vec3(5.744768, -3.813207, 12.090220)) | 0.0381886
26 | (vec3(3.552693, -4.779551, 9.275627)) | -0.016598
27 | (vec3(2.793618, 4.080669, 8.969133)) | -0.00496635
28 | (vec3(4.641806, -5.870376, 10.200356)) | -0.00456497
29 | (vec3(1.398163, 4.718873, 25.475325)) | 0.0286613
30 | (vec3(1.200993, -4.962154, 8.661005)) | 0.0176278
31 | (vec3(5.833767, -9.703448, 5.202035)) | -0.0318439
32 | (vec3(4.531029, -10.760290, 5.170473)) | 0.00702494
33 | (vec3(2.773521, -12.612730, 1.008931)) | 0.00287458
34 | (vec3(5.419385, -8.937084, 2.128549)) | -0.00111351
35 | (vec3(4.719550, -10.531921, 2.718087)) | 0.00182443
36 | (vec3(2.212181, 12.611583, 23.664534)) | -0.0844684
37 | (vec3(-0.715427, 13.662619, 23.889404)) | -0.0452733
38 | (vec3(3.349482, 8.531506, 24.355013)) | 0.0201096
39 | (vec3(4.346798, 15.036394, 2.252869)) | 0.00241089
40 | (vec3(5.221753, 13.333151, 7.597372)) | 0.0215104
41 | (vec3(3.226987, 14.952780, 10.050888)) | -0.0216955
42 | (vec3(1.158045, 14.482778, 7.386146)) | -0.00621717
43 | (vec3(6.759756, 11.252771, 12.692202)) | -0.0506924
44 | (vec3(6.699235, 7.782084, 12.396448)) | -0.000209004
45 | (vec3(5.740774, 13.841434, 13.495692)) | -0.00253866
46 | (vec3(6.102922, 3.893047, 18.821175)) | 0.0145118
47 | (vec3(5.818796, 2.110352, 12.382971)) | 0.03348
48 | (vec3(1.596795, -9.225744, 9.927517)) | -0.00875502
49 | (vec3(2.898732, -7.333450, 3.826165)) | 0.0154931
50 | (vec3(5.196196, -7.634764, 2.764947)) | -0.0503915
51 | (vec3(5.787769, 7.908221, 8.768290)) | -0.0176622
52 | (vec3(3.510099, 6.132710, 8.488674)) | -0.00478474
53 | (vec3(1.851668, 13.182724, 6.245258)) | -0.0146135
54 | (vec3(5.359101, 14.014291, 6.751224)) | 0.0064429
55 | (vec3(1.933573, 14.895842, 3.240396)) | -0.0150893
56 | (vec3(3.819516, 12.639248, 6.504637)) | -0.00122106
57 | (vec3(3.665966, -9.352987, 24.381227)) | 0.00976947
58 | (vec3(3.014274, 4.275646, 24.613993)) | 0.0264647
59 | (vec3(1.368071, 7.602657, 10.323387)) | 0.00533417
60 | (vec3(0.784119, 9.165347, 12.545514)) | 0.0182533
61 | (vec3(1.867017, 15.507166, 21.604416)) | 0.0230853
62 | (vec3(6.269695, 12.235770, 16.446234)) | 0.00871403
63 | (vec3(1.317661, 12.740559, 13.709908)) | 0.0145649
64 | (vec3(1.610855, 13.249010, 10.909580)) | 9.29544e-05
65 | (vec3(1.838292, 8.398783, 8.046141)) | -0.0171081
66 | (vec3(4.701115, -4.578977, 21.952835)) | 0.0418584
67 | (vec3(2.662859, -5.859049, 24.791611)) | -0.0710942
68 | (vec3(6.599401, -10.155763, 9.444345)) | 0.034072
69 | (vec3(1.124028, 9.542034, 24.937504)) | -0.00116089
70 | (vec3(5.973999, -5.816436, 17.238829)) | 0.0287442
71 | (vec3(4.357329, -0.622695, 23.632229)) | -0.0143324
72 | (vec3(1.446166, 17.596117, 20.369358)) | 0.0019989
73 | (vec3(0.448802, 29.725220, 8.141038)) | 0.0519065
74 | (vec3(1.812196, 25.561047, 10.328135)) | -0.00161207
75 | (vec3(1.036554, 24.284908, 7.467528)) | 0.0560783
76 | (vec3(0.658737, 26.808952, 5.563311)) | 0.0106924
77 | (vec3(2.094914, 26.345381, 7.578402)) | 0.00336251
78 | (vec3(0.271195, 17.051588, 21.879763)) | -0.0275484
79 | (vec3(1.501527, 18.778044, 13.865966)) | -0.0165919
80 | (vec3(5.083211, 4.756911, 10.405265)) | -0.00574805
81 | (vec3(3.552695, 14.731410, 14.267870)) | 0.0885026
82 | (vec3(3.978177, 0.764615, 9.928578)) | 0.0148459
83 | (vec3(1.307910, -1.203013, 8.428668)) | -0.199265
84 | (vec3(5.905768, -0.562754, 20.005180)) | -0.00112575
85 | (vec3(4.638606, -14.515685, 14.189153)) | -0.022493
86 | (vec3(6.083059, -8.015963, 13.360724)) | -0.0541691
87 | (vec3(6.500519, -10.604214, 15.776182)) | 0.00866327
88 | (vec3(6.333925, -9.093608, 6.384369)) | -0.0122928
89 | (vec3(2.251431, -9.349300, 5.066069)) | 0.0298625
90 | (vec3(2.703221, -10.273752, 2.408040)) | -0.00397737
91 | (vec3(1.643918, -10.750715, 10.492632)) | -0.00167629
92 | (vec3(1.559051, -16.336735, 14.547271)) | -0.0135716
93 | (vec3(-1.341159, -12.375906, 26.808912)) | -0.0248668
94 | (vec3(6.456969, 4.830386, 14.732330)) | -0.0151658
95 | (vec3(6.900618, 8.828260, 15.767713)) | -0.00041404
96 | (vec3(6.608048, 9.423867, 9.822991)) | 0.0170928
97 | (vec3(5.279828, 9.005919, 22.463520)) | -0.00708753
98 | (vec3(4.983345, 11.947566, 21.692406)) | -0.00238804
99 | (vec3(4.201877, 14.026724, 20.374186)) | 0.0175094
100 | (vec3(4.202724, 15.208556, 9.331225)) | 0.0119174
101 | (vec3(2.884270, 15.615057, 2.461111)) | -0.0316021
102 | (vec3(4.488962, 15.923973, 7.515880)) | -0.0474189
103 | (vec3(2.329717, 16.633602, 8.023271)) | 0.0142265
104 | (vec3(4.926714, -8.574823, 0.235929)) | -0.00594091
105 | (vec3(5.858635, -11.449217, 0.643985)) | 0.01243
106 | (vec3(0.942626, 6.196403, 10.225421)) | -0.00183763
107 | (vec3(2.398246, 15.517022, 18.480099)) | -0.164564
108 | (vec3(0.275252, 15.844259, 17.573948)) | -0.0110552
109 | (vec3(1.648537, 29.290575, 7.336211)) | 0.00468431
110 | (vec3(1.360491, 14.928147, 16.317184)) | -0.00143948
111 | (vec3(0.662175, 29.740232, 5.261724)) | 0.0226303
112 | (vec3(2.307389, -8.555371, 0.966015)) | 0.012493
113 | (vec3(2.213696, 10.729773, 0.358092)) | 0.00336447
114 | (vec3(2.638309, 12.759743, 2.859454)) | 0.000860332
115 | (vec3(1.763956, 13.609915, 0.408275)) | 0.0118029
116 | (vec3(4.630811, 13.989626, 0.331790)) | 0.00208224
117 | (vec3(6.122033, 12.056950, 0.675866)) | -0.0407281
118 | (vec3(4.690624, 11.282908, 0.234106)) | 0.005094
119 | (vec3(5.039159, 13.983086, 2.295427)) | 0.00659636
120 | (vec3(4.736547, 11.282619, 2.061404)) | 0.00383904
121 | (vec3(5.267467, -10.738495, 21.675011)) | -0.0194318
122 | (vec3(4.191267, -14.932055, 27.069029)) | 0.00921053
123 | (vec3(1.503941, -0.785940, 25.807358)) | 0.11804
124 | (vec3(-0.478483, -1.161530, 26.051956)) | -0.102179
125 | (vec3(2.078143, 19.023882, 17.532986)) | -0.0220787
126 | (vec3(1.914852, 21.596642, 11.038788)) | 0.0241518
127 | (vec3(1.088858, 24.753010, 12.072185)) | -0.0177275
128 | (vec3(2.463804, 20.164715, 14.413143)) | -0.0475617
129 | (vec3(-0.168865, 20.136200, 10.905470)) | -0.0138828
130 | (vec3(-3.706017, -18.119831, 20.505514)) | 0.00743769
131 | (vec3(-0.488519, -17.184032, 17.474031)) | -0.0147104
132 | (vec3(-6.046041, -11.038392, 18.190989)) | 0.00536695
133 | (vec3(-2.012621, -19.948580, 24.360319)) | 0.020436
134 | (vec3(-5.188198, -14.059001, 20.002682)) | 0.00420359
135 | (vec3(-2.611688, -17.261610, 26.798311)) | -0.0114176
136 | (vec3(-4.027862, -18.121412, 23.958651)) | 0.0211164
137 | (vec3(-2.281425, -20.247147, 21.656025)) | 0.0803143
138 | (vec3(-3.217442, -10.082680, 24.876900)) | -0.0052549
139 | (vec3(-0.757772, -21.334249, 20.611216)) | 0.0370899
140 | (vec3(-6.152449, -11.675023, 11.037297)) | 0.0100906
141 | (vec3(-5.355303, -9.535559, 2.615899)) | 0.0331919
142 | (vec3(-6.676045, -9.399635, 12.403430)) | -0.00625985
143 | (vec3(-5.767615, -7.284948, 7.493451)) | 0.00112356
144 | (vec3(-2.828775, -10.658516, 5.418508)) | 0.0152508
145 | (vec3(-3.523365, -6.955172, 9.548297)) | 0.000363066
146 | (vec3(-6.321729, -12.280716, 15.385653)) | 0.00126767
147 | (vec3(-3.430466, -16.205170, 18.466257)) | 0.00318293
148 | (vec3(-6.028848, -4.184685, 17.263527)) | -0.00562878
149 | (vec3(-6.150874, -8.266475, 15.622064)) | -0.0174234
150 | (vec3(-5.843575, -2.680058, 12.055397)) | 0.0877779
151 | (vec3(-4.485975, -6.488896, 9.861834)) | 0.0338406
152 | (vec3(-2.058259, -0.721337, 8.517745)) | -0.0115235
153 | (vec3(-5.463045, 4.739448, 21.337654)) | -0.014722
154 | (vec3(-0.619274, 5.207661, 25.616978)) | 0.0675895
155 | (vec3(-0.964850, -4.098400, 8.452925)) | 0.0168125
156 | (vec3(-1.431889, -9.013898, 9.841192)) | 0.0406338
157 | (vec3(-4.900283, -7.822356, 0.959565)) | -0.00245369
158 | (vec3(-2.790553, -10.633281, 2.569989)) | -0.0137073
159 | (vec3(-4.969568, -8.849876, 0.180861)) | 0.000603872
160 | (vec3(-0.821290, 16.524866, 22.164974)) | -0.00504743
161 | (vec3(-1.219510, 25.962620, 10.786564)) | -0.0351314
162 | (vec3(-0.014664, 25.483883, 11.700799)) | 0.0827198
163 | (vec3(-3.436941, 12.745670, 2.969093)) | 0.00453738
164 | (vec3(-2.320415, 15.296901, 2.144784)) | 0.0225049
165 | (vec3(-1.680311, 13.417645, 0.395027)) | 0.00103094
166 | (vec3(-3.785462, 15.541562, 3.122969)) | -0.0206356
167 | (vec3(-2.254363, 14.044060, 11.050560)) | -0.0150021
168 | (vec3(-2.252301, 8.520606, 7.610796)) | -0.0257749
169 | (vec3(-6.946208, 8.744379, 12.860334)) | 0.00059021
170 | (vec3(-4.782664, -5.155112, 21.568233)) | -0.00430422
171 | (vec3(-6.455591, 4.985610, 16.851494)) | 0.0437141
172 | (vec3(-6.165668, 4.515536, 13.571646)) | -0.00406636
173 | (vec3(-4.613807, -10.815588, 5.237687)) | 0.00528875
174 | (vec3(-2.801706, -7.487233, 4.622545)) | -0.0200358
175 | (vec3(-3.980047, -6.895728, 3.313689)) | 0.0161394
176 | (vec3(-4.654096, -10.497096, 2.759951)) | -0.0294273
177 | (vec3(-3.820586, 14.644368, 14.125711)) | 0.0173335
178 | (vec3(-4.954413, 13.235558, 7.393537)) | -0.000702554
179 | (vec3(-3.484009, 12.474710, 6.762527)) | -0.0317607
180 | (vec3(-1.198271, 14.386068, 7.374970)) | 0.0113888
181 | (vec3(-1.799492, 13.332254, 6.723390)) | 0.00347148
182 | (vec3(-2.339617, 16.631641, 8.034000)) | 0.0179127
183 | (vec3(-1.891623, -5.434985, 25.357828)) | -0.014264
184 | (vec3(-3.126840, 6.317986, 24.506693)) | -0.0116629
185 | (vec3(-1.551730, 12.666500, 11.684468)) | -0.0164424
186 | (vec3(-1.291761, 6.283181, 10.081335)) | 0.000316329
187 | (vec3(-6.575435, 12.367955, 14.692616)) | 0.00306279
188 | (vec3(-2.415807, 15.409048, 17.665182)) | 0.00316888
189 | (vec3(-5.420763, -11.617001, 0.653183)) | 0.0187777
190 | (vec3(-4.764890, 13.757000, 19.615763)) | -0.000201781
191 | (vec3(-0.859941, 10.738250, 13.260812)) | 0.0128245
192 | (vec3(-1.786771, 13.745255, 14.142538)) | -0.00849145
193 | (vec3(-3.836122, -5.248088, 23.431774)) | 0.00134883
194 | (vec3(0.034903, -5.353148, 25.811094)) | -0.0464674
195 | (vec3(-1.964908, -9.103883, 7.938510)) | -0.0223058
196 | (vec3(-2.344814, 9.501828, 24.705196)) | 0.0275448
197 | (vec3(-0.092640, -13.897229, 12.098257)) | 0.0422123
198 | (vec3(-5.943786, -0.468337, 19.888508)) | -0.00372839
199 | (vec3(-5.005462, -0.890156, 22.349327)) | -0.0057052
200 | (vec3(-4.108614, -0.590858, 23.821354)) | -0.0322217
201 | (vec3(0.006844, 20.834425, 17.124874)) | -0.122734
202 | (vec3(-1.986938, 27.691725, 7.562864)) | 0.0842897
203 | (vec3(-1.478641, 15.740984, 19.797855)) | -0.0304472
204 | (vec3(-2.272414, 17.801872, 18.592855)) | 0.00855402
205 | (vec3(-0.929628, 18.008955, 14.283734)) | 0.0582351
206 | (vec3(-1.831581, 20.205563, 12.383997)) | -0.00565675
207 | (vec3(-1.589160, 29.876236, 6.729694)) | 0.00913996
208 | (vec3(-1.038331, 27.456215, 5.541066)) | 0.00103103
209 | (vec3(0.030510, 3.243483, 9.125021)) | 0.0503556
210 | (vec3(-4.589911, 0.755317, 10.434146)) | 0.0395813
211 | (vec3(-6.484543, -3.381405, 14.613516)) | -0.00129513
212 | (vec3(-4.423919, -12.973643, 11.369237)) | -0.0235696
213 | (vec3(-4.209747, -15.308057, 15.345833)) | 0.0112539
214 | (vec3(-2.018166, -11.909422, 10.968213)) | 0.00154381
215 | (vec3(-5.612481, -6.005434, 18.929953)) | -0.00476327
216 | (vec3(-6.420448, -9.147266, 7.269847)) | -0.00474476
217 | (vec3(-5.221448, -6.618565, 11.186808)) | 0.0248419
218 | (vec3(-0.451664, -15.908098, 27.139776)) | -0.0852728
219 | (vec3(-6.240230, 8.595031, 9.204009)) | -0.000887063
220 | (vec3(-4.823890, 11.867303, 22.041344)) | -0.0206152
221 | (vec3(-5.353957, 14.395877, 7.415484)) | -0.00729864
222 | (vec3(-5.397877, 13.761901, 9.111914)) | 0.00890965
223 | (vec3(-4.470263, 8.093723, 23.259417)) | 0.0833973
224 | (vec3(-6.150826, 9.408488, 19.501774)) | -0.0476348
225 | (vec3(-1.977277, 14.941601, 21.904140)) | -0.0109247
226 | (vec3(-4.050981, 14.586167, 18.841637)) | 0.0136617
227 | (vec3(-0.003548, 13.131980, 14.929723)) | -0.00848122
228 | (vec3(-1.651111, 15.271197, 16.588844)) | -0.0240931
229 | (vec3(-5.050180, 14.287928, 13.250619)) | 0.0186846
230 | (vec3(-4.759557, 4.412907, 9.983463)) | 0.0548508
231 | (vec3(-4.223266, 7.429422, 7.948735)) | -0.0118069
232 | (vec3(-3.521145, 14.933714, 10.154472)) | -0.013762
233 | (vec3(-4.196846, 16.228758, 7.890666)) | -0.0214674
234 | (vec3(-2.375081, 4.635948, 9.081226)) | 0.0170243
235 | (vec3(-2.705999, -12.065705, 0.414509)) | -0.0161974
236 | (vec3(-0.132975, -20.563759, 23.099072)) | 0.0207141
237 | (vec3(-0.864151, 24.741894, 6.989601)) | -0.000895275
238 | (vec3(-4.526182, -14.506651, 25.406218)) | -9.39351e-05
239 | (vec3(-2.302225, -8.583091, 1.664716)) | 0.00775503
240 | (vec3(-3.556499, 10.290141, 2.182650)) | -0.0130755
241 | (vec3(-5.072139, 14.038201, 2.558743)) | 0.0197475
242 | (vec3(-5.836682, 13.103935, 0.042309)) | -0.0133872
243 | (vec3(-4.145195, 10.841293, 0.045537)) | -0.0126406
244 | (vec3(-1.911145, 11.200688, 0.596742)) | -0.0042557
245 | (vec3(-3.631108, -14.815220, 26.732077)) | -0.0632069
246 | (vec3(-5.314202, -9.137797, 21.396805)) | -0.0412936
247 | (vec3(-4.871318, -11.504560, 22.983629)) | -0.0206448
248 | (vec3(-2.270920, -1.147728, 25.412683)) | -0.0231045
249 | (vec3(-2.364593, 22.707531, 11.505028)) | 1.19623e-05
250 | (vec3(-1.449551, 23.022518, 13.869293)) | 0.0307168
251 | (vec3(-1.837151, 25.152792, 7.771179)) | -0.00880475
